size,ticker,price,volume,executed_at,canceled,premium,sale_cond_codes,nbbo_ask,nbbo_bid,ext_hour_sold_codes,market_center,nbbo_ask_quantity,nbbo_bid_quantity,tracking_id,trade_code,trade_settlement,trf_executed_at
10000,AAL,11.7694,73226854,2026-04-23T23:43:27Z,False,117694.0000,,11.77,11.75,extended_hours_trade,L,9630,500,25082694415983,,regular,2026-04-23T23:43:27Z
9849,AAL,11.7599,73202157,2026-04-23T23:35:33Z,False,115823.2551,,11.77,11.75,extended_hours_trade,L,9630,116,25082693942413,,regular,2026-04-23T23:35:33Z
15000,AAL,11.75,73155061,2026-04-23T23:16:28Z,False,176250.00,,11.75,11.72,extended_hours_trade,L,100,300,25082692796650,,regular,2026-04-23T23:16:28Z
20000,AAL,11.7401,73140006,2026-04-23T23:14:56Z,False,234802.0000,,11.75,11.72,extended_hours_trade,L,100,300,25082692704673,,regular,2026-04-23T23:14:56Z
8750,AAL,11.7561,73097429,2026-04-23T22:33:09Z,False,102865.8750,,11.76,11.71,extended_hours_trade,L,101,800,25082690198278,,regular,2026-04-23T22:33:09Z
10000,AAL,11.71,73059362,2026-04-23T22:13:28Z,False,117100.00,,11.71,11.7,extended_hours_trade,L,8670,1844,25082689017252,,regular,2026-04-23T22:13:28Z
9999,AAL,11.7099,73041403,2026-04-23T22:04:41Z,False,117087.2901,,11.71,11.7,extended_hours_trade,L,8895,1031,25082688489720,,regular,2026-04-23T22:04:41Z
10000,AAL,11.7109,73026331,2026-04-23T21:59:03Z,False,117109.0000,,11.73,11.71,extended_hours_trade,L,1099,2000,25082688152013,,regular,2026-04-23T21:59:03Z
10000,AAL,11.73,72998101,2026-04-23T21:16:25Z,False,117300.00,,11.75,11.73,extended_hours_trade,L,160,162,25082685593832,,regular,2026-04-23T21:16:25Z
22407,AAL,11.73,72988091,2026-04-23T21:15:41Z,False,262834.11,,11.75,11.73,extended_hours_trade,L,160,162,25082685550607,,regular,2026-04-23T21:15:41Z
54619,AAL,11.78,72934168,2026-04-23T20:35:57Z,False,643411.82,prior_reference_price,11.75,11.72,extended_hours_trade,L,150,3050,25082683166273,,regular,2026-04-23T20:35:57Z
50700,AAL,11.78,72879549,2026-04-23T20:35:57Z,False,597246.00,prior_reference_price,11.75,11.72,extended_hours_trade,L,150,3050,25082683166271,,regular,2026-04-23T20:35:57Z
18104,AAL,11.78,72789979,2026-04-23T20:08:54Z,False,213265.12,average_price_trade,11.74,11.73,extended_hours_trade,L,7654,50,25082681542806,,regular,2026-04-23T20:08:54Z
37165,AAL,11.78,72741409,2026-04-23T20:01:58Z,False,437803.70,prior_reference_price,11.77,11.76,extended_hours_trade,L,500,1000,25082681127110,,regular,2026-04-23T20:01:58Z
10672,AAL,11.78,72704243,2026-04-23T20:01:38Z,False,125716.16,prior_reference_price,11.78,11.75,extended_hours_trade,L,700,1000,25082681107030,,regular,2026-04-23T20:01:38Z
16760,AAL,11.75,72693571,2026-04-23T20:01:36Z,False,196930.00,,11.78,11.75,extended_hours_trade,L,700,1000,25082681105441,,regular,2026-04-23T20:01:36Z
9208,AAL,11.77,72660851,2026-04-23T20:01:19Z,False,108378.16,,11.78,11.75,extended_hours_trade,L,700,1000,25082681088331,,regular,2026-04-23T20:01:19Z
154800,AAL,11.78,72646539,2026-04-23T20:00:30Z,False,1823544.00,prior_reference_price,11.79,11.75,extended_hours_trade,L,1000,1000,25082681039022,,regular,2026-04-23T20:00:30Z
96300,AAL,11.78,72482058,2026-04-23T20:00:30Z,False,1134414.00,prior_reference_price,11.79,11.75,extended_hours_trade,L,1000,1000,25082681038732,,regular,2026-04-23T20:00:30Z
82582,AAL,11.78,72381853,2026-04-23T20:00:29Z,False,972815.96,prior_reference_price,11.79,11.75,extended_hours_trade,L,1000,1000,25082681038582,,regular,2026-04-23T20:00:29Z
10363,AAL,11.7606,72292477,2026-04-23T20:00:20Z,False,121875.0978,,11.79,11.75,extended_hours_trade,L,1000,1100,25082681028877,,regular,2026-04-23T20:00:20Z
13885,AAL,11.78,72281881,2026-04-23T20:00:02Z,False,163565.30,,11.79,11.75,extended_hours_trade,L,1010,1105,25082681011481,,regular,2026-04-23T20:00:02Z
26232,AAL,11.78,72259929,2026-04-23T20:00:02Z,False,309012.96,,11.79,11.75,extended_hours_trade,L,1010,1105,25082681011311,,regular,2026-04-23T20:00:02Z
9229,AAL,11.78,72232488,2026-04-23T20:00:02Z,False,108717.62,,11.79,11.75,extended_hours_trade,L,1010,1105,25082681011272,,regular,2026-04-23T20:00:02Z
42000,AAL,11.7601,67087014,2026-04-23T19:58:05Z,False,493924.2000,,11.78,11.77,,L,26763,10523,25082680894287,,regular,2026-04-23T19:58:05Z
9100,AAL,11.755,66735364,2026-04-23T19:57:49Z,False,106970.500,,11.76,11.75,,L,21584,25036,25082680878049,,regular,2026-04-23T19:57:49Z
10000,AAL,11.75,66671860,2026-04-23T19:57:30Z,False,117500.00,,11.76,11.75,,L,24997,19743,25082680859322,,regular,2026-04-23T19:57:30Z
12000,AAL,11.6901,65126079,2026-04-23T19:54:19Z,False,140281.2000,,11.7,11.69,,L,42731,10174,25082680668566,,regular,2026-04-23T19:54:19Z
19402,AAL,11.685,64511456,2026-04-23T19:50:08Z,False,226712.370,,11.7,11.69,,L,12511,21776,25082680417541,,regular,2026-04-23T19:50:08Z
21280,AAL,11.695,64365030,2026-04-23T19:50:00Z,False,248869.600,,11.69,11.68,,L,2288,5630,25082680409350,,regular,2026-04-23T19:50:00Z
21100,AAL,11.695,64032163,2026-04-23T19:48:49Z,False,246764.500,,11.7,11.69,,L,17685,8625,25082680337721,,regular,2026-04-23T19:48:49Z
20920,AAL,11.695,63941395,2026-04-23T19:47:36Z,False,244659.400,,11.7,11.69,,L,20545,7436,25082680264749,,regular,2026-04-23T19:47:36Z
10000,AAL,11.695,63875174,2026-04-23T19:47:13Z,False,116950.000,,11.7,11.69,,L,20067,12828,25082680241920,,regular,2026-04-23T19:47:13Z
9900,AAL,11.6875,63604203,2026-04-23T19:45:20Z,False,115706.2500,,11.69,11.68,,L,7641,25565,25082680129571,,regular,2026-04-23T19:45:20Z
9900,AAL,11.6891,63593445,2026-04-23T19:45:20Z,False,115722.0900,,11.69,11.68,,L,7341,25187,25082680129034,,regular,2026-04-23T19:45:20Z
53800,AAL,11.67,63472879,2026-04-23T19:43:48Z,False,627846.00,,11.68,11.67,,L,39720,17744,25082680036916,,regular,2026-04-23T19:43:48Z
9900,AAL,11.685,63399369,2026-04-23T19:43:40Z,False,115681.500,,11.69,11.68,,L,43323,1644,25082680028909,,regular,2026-04-23T19:43:40Z
11366,AAL,11.685,63046443,2026-04-23T19:40:18Z,False,132811.710,,11.69,11.68,,L,20839,9591,25082679827488,,regular,2026-04-23T19:40:18Z
9809,AAL,11.675,62991845,2026-04-23T19:39:53Z,False,114520.075,,11.68,11.67,,L,5887,15507,25082679802599,,regular,2026-04-23T19:39:53Z
11855,AAL,11.6699,62573227,2026-04-23T19:35:00Z,False,138346.6645,,11.67,11.66,,L,17654,5794,25082679509440,,regular,2026-04-23T19:35:00Z
9900,AAL,11.6699,62554452,2026-04-23T19:34:47Z,False,115532.0100,,11.67,11.66,,L,17012,9021,25082679496606,,regular,2026-04-23T19:34:47Z
9900,AAL,11.6643,62544042,2026-04-23T19:34:47Z,False,115476.5700,,11.67,11.66,,L,17012,8421,25082679496037,,regular,2026-04-23T19:34:47Z
9900,AAL,11.665,62524091,2026-04-23T19:34:32Z,False,115483.500,,11.67,11.66,,L,15937,9694,25082679481283,,regular,2026-04-23T19:34:32Z
10445,AAL,11.67,61949859,2026-04-23T19:29:28Z,False,121893.15,,11.68,11.67,,L,10990,12475,25082679177566,,regular,2026-04-23T19:29:28Z
9900,AAL,11.64,61650760,2026-04-23T19:27:11Z,False,115236.00,,11.65,11.64,,L,12724,9055,25082679040493,,regular,2026-04-23T19:27:11Z
9900,AAL,11.6495,61613344,2026-04-23T19:27:11Z,False,115330.0500,,11.65,11.64,,L,12524,9030,25082679039911,,regular,2026-04-23T19:27:11Z
11755,AAL,11.65,61594035,2026-04-23T19:27:09Z,False,136945.75,,11.65,11.64,,L,17024,9015,25082679038506,,regular,2026-04-23T19:27:09Z
39798,AAL,11.65,61579878,2026-04-23T19:27:09Z,False,463646.70,,11.65,11.64,,L,17024,9015,25082679038498,,regular,2026-04-23T19:27:09Z
10000,AAL,11.6301,61437929,2026-04-23T19:26:01Z,False,116301.0000,,11.64,11.63,,L,32841,10669,25082678970422,,regular,2026-04-23T19:26:01Z
9900,AAL,11.6401,61329425,2026-04-23T19:23:33Z,False,115236.9900,,11.65,11.64,,L,15361,8598,25082678822108,,regular,2026-04-23T19:23:33Z
9900,AAL,11.645,61318224,2026-04-23T19:23:29Z,False,115285.500,,11.65,11.64,,L,15336,8418,25082678818514,,regular,2026-04-23T19:23:29Z
9900,AAL,11.647,61262085,2026-04-23T19:22:16Z,False,115305.300,,11.65,11.64,,L,15185,10345,25082678745454,,regular,2026-04-23T19:22:16Z
9900,AAL,11.6499,61249593,2026-04-23T19:22:16Z,False,115334.0100,,11.65,11.64,,L,15785,10145,25082678744875,,regular,2026-04-23T19:22:16Z
32919,AAL,11.63,61214535,2026-04-23T19:22:02Z,False,382847.97,,11.64,11.63,,L,5949,12291,25082678731194,,regular,2026-04-23T19:22:02Z
9900,AAL,11.6428,61144652,2026-04-23T19:21:34Z,False,115263.7200,,11.65,11.64,,L,9992,8308,25082678703235,,regular,2026-04-23T19:21:34Z
9900,AAL,11.6401,61067052,2026-04-23T19:20:05Z,False,115236.9900,,11.65,11.64,,L,30749,8208,25082678614577,,regular,2026-04-23T19:20:05Z
21498,AAL,11.65,60880244,2026-04-23T19:16:39Z,False,250451.70,,11.66,11.65,,L,10110,8644,25082678407891,,regular,2026-04-23T19:16:39Z
33491,AAL,11.65,60706798,2026-04-23T19:15:03Z,False,390170.15,,11.66,11.65,,L,18541,12799,25082678311931,,regular,2026-04-23T19:15:03Z
9900,AAL,11.647,60558650,2026-04-23T19:13:19Z,False,115305.300,,11.65,11.64,,L,7506,9012,25082678207803,,regular,2026-04-23T19:13:19Z
9900,AAL,11.6499,60548650,2026-04-23T19:13:18Z,False,115334.0100,,11.65,11.64,,L,7506,9012,25082678207220,,regular,2026-04-23T19:13:18Z
9900,AAL,11.6435,60415530,2026-04-23T19:11:04Z,False,115270.6500,,11.65,11.64,,L,24737,7652,25082678072831,,regular,2026-04-23T19:11:04Z
9900,AAL,11.6428,60405155,2026-04-23T19:11:02Z,False,115263.7200,,11.65,11.64,,L,25115,7702,25082678070909,,regular,2026-04-23T19:11:02Z
20000,AAL,11.67,60294751,2026-04-23T19:10:09Z,False,233400.00,,11.68,11.67,,L,38222,3860,25082678018310,,regular,2026-04-23T19:10:09Z
9100,AAL,11.6829,60218601,2026-04-23T19:09:00Z,False,106314.3900,,11.69,11.68,,L,29965,5795,25082677948781,,regular,2026-04-23T19:09:00Z
23898,AAL,11.68,60088248,2026-04-23T19:06:33Z,False,279128.64,,11.68,11.67,,L,9487,15486,25082677801729,,regular,2026-04-23T19:06:33Z
9900,AAL,11.665,59958234,2026-04-23T19:05:20Z,False,115483.500,,11.67,11.66,,L,11112,8144,25082677728969,,regular,2026-04-23T19:05:20Z
9900,AAL,11.6599,59935626,2026-04-23T19:05:18Z,False,115433.0100,,11.66,11.65,,L,7620,13129,25082677727493,,regular,2026-04-23T19:05:18Z
9000,AAL,11.6401,59879357,2026-04-23T19:04:40Z,False,104760.9000,,11.65,11.64,,L,12644,2326,25082677688730,,regular,2026-04-23T19:04:40Z
20990,AAL,11.63,59801017,2026-04-23T19:03:40Z,False,244113.70,,11.64,11.63,,L,9586,7181,25082677629610,,regular,2026-04-23T19:03:40Z
20770,AAL,11.64,59718529,2026-04-23T19:02:43Z,False,241762.80,,11.65,11.64,,L,10526,9425,25082677571654,,regular,2026-04-23T19:02:43Z
20620,AAL,11.64,59674848,2026-04-23T19:02:02Z,False,240016.80,,11.65,11.64,,L,13493,18732,25082677530774,,regular,2026-04-23T19:02:02Z
10000,AAL,11.65,59611077,2026-04-23T19:01:57Z,False,116500.00,,11.66,11.65,,L,8966,9531,25082677526637,,regular,2026-04-23T19:01:57Z
10000,AAL,11.65,59568375,2026-04-23T19:01:04Z,False,116500.00,,11.66,11.65,,L,13226,10147,25082677473052,,regular,2026-04-23T19:01:04Z
10000,AAL,11.65,59546605,2026-04-23T19:00:30Z,False,116500.00,,11.66,11.65,,L,14711,6244,25082677439544,,regular,2026-04-23T19:00:30Z
13700,AAL,11.655,59458053,2026-04-23T19:00:06Z,False,159673.500,,11.66,11.65,,L,5484,14511,25082677415409,,regular,2026-04-23T19:00:06Z
20180,AAL,11.65,59478233,2026-04-23T19:00:06Z,False,235097.00,,11.66,11.65,,L,5484,14511,25082677415409,,regular,2026-04-23T19:00:06Z
10000,AAL,11.65,59357806,2026-04-23T18:59:31Z,False,116500.00,,11.66,11.65,,L,7700,11035,25082677379887,,regular,2026-04-23T18:59:31Z
9900,AAL,11.6799,59317624,2026-04-23T18:59:18Z,False,115631.0100,,11.68,11.67,,L,17143,15690,25082677366739,,regular,2026-04-23T18:59:18Z
9900,AAL,11.6739,59307724,2026-04-23T18:59:16Z,False,115571.6100,,11.68,11.67,,L,17320,16690,25082677365634,,regular,2026-04-23T18:59:16Z
9900,AAL,11.6701,59257846,2026-04-23T18:58:20Z,False,115533.9900,,11.68,11.67,,L,8650,15109,25082677308739,,regular,2026-04-23T18:58:20Z
9900,AAL,11.6801,59240743,2026-04-23T18:58:18Z,False,115632.9900,,11.69,11.68,,L,16623,985,25082677307492,,regular,2026-04-23T18:58:18Z
13600,AAL,11.68,59163548,2026-04-23T18:56:38Z,False,158848.00,,11.69,11.68,,L,14150,4108,25082677206644,,regular,2026-04-23T18:56:38Z
10000,AAL,11.6801,59107547,2026-04-23T18:55:10Z,False,116801.0000,,11.69,11.68,,L,12096,16218,25082677118865,,regular,2026-04-23T18:55:10Z
9954,AAL,11.6899,58943485,2026-04-23T18:52:03Z,False,116361.2646,,11.69,11.68,,L,9938,5184,25082676932111,,regular,2026-04-23T18:52:03Z
9900,AAL,11.6698,58864273,2026-04-23T18:50:52Z,False,115531.0200,,11.67,11.66,,L,6921,9541,25082676860712,,regular,2026-04-23T18:50:52Z
9825,AAL,11.6699,58853438,2026-04-23T18:50:51Z,False,114656.7675,,11.67,11.66,,L,7496,9541,25082676860047,,regular,2026-04-23T18:50:51Z
9900,AAL,11.6701,58648730,2026-04-23T18:49:33Z,False,115533.9900,,11.68,11.67,,L,30931,953,25082676782513,,regular,2026-04-23T18:49:33Z
8605,AAL,11.6701,58638430,2026-04-23T18:49:33Z,False,100421.2105,,11.68,11.67,,L,30931,952,25082676781914,,regular,2026-04-23T18:49:33Z
9900,AAL,11.6765,58574022,2026-04-23T18:47:58Z,False,115597.3500,,11.68,11.67,,L,8712,18193,25082676687508,,regular,2026-04-23T18:47:58Z
9900,AAL,11.675,58563302,2026-04-23T18:47:58Z,False,115582.500,,11.68,11.67,,L,8706,18571,25082676686768,,regular,2026-04-23T18:47:58Z
9900,AAL,11.6801,58462794,2026-04-23T18:46:37Z,False,115632.9900,,11.69,11.68,,L,24859,802,25082676606619,,regular,2026-04-23T18:46:37Z
9900,AAL,11.6778,58421218,2026-04-23T18:46:11Z,False,115610.2200,,11.68,11.67,,L,5743,14751,25082676579939,,regular,2026-04-23T18:46:11Z
9900,AAL,11.6799,58409318,2026-04-23T18:46:09Z,False,115631.0100,,11.68,11.67,,L,6043,14751,25082676578589,,regular,2026-04-23T18:46:09Z
9900,AAL,11.6813,58368336,2026-04-23T18:45:44Z,False,115644.8700,,11.69,11.68,,L,30300,3540,25082676553505,,regular,2026-04-23T18:45:44Z
9850,AAL,11.6801,58357814,2026-04-23T18:45:43Z,False,115048.9850,,11.69,11.68,,L,31030,4134,25082676552233,,regular,2026-04-23T18:45:43Z
68360,AAL,11.68,58214496,2026-04-23T18:44:01Z,False,798444.80,,11.69,11.68,,L,23937,5585,25082676450609,,regular,2026-04-23T18:44:01Z
13530,AAL,11.685,58145888,2026-04-23T18:44:01Z,False,158098.050,,11.69,11.68,,L,22867,5585,25082676449947,,regular,2026-04-23T18:44:01Z
23000,AAL,11.68,58131524,2026-04-23T18:44:00Z,False,268640.00,,11.69,11.68,,L,23523,5685,25082676449463,,regular,2026-04-23T18:44:00Z
15384,AAL,11.72,57724046,2026-04-23T18:38:56Z,False,180300.48,,11.72,11.71,,L,11860,13350,25082676145566,,regular,2026-04-23T18:38:56Z
86862,AAL,11.71,57679499,2026-04-23T18:38:53Z,False,1017154.02,,11.71,11.7,,L,15754,6095,25082676142310,,regular,2026-04-23T18:38:53Z
30000,AAL,11.7499,57381494,2026-04-23T18:36:16Z,False,352497.0000,,11.75,11.74,,L,8224,6326,25082675985521,,regular,2026-04-23T18:36:16Z
10000,AAL,11.7301,57263331,2026-04-23T18:34:32Z,False,117301.0000,,11.74,11.73,,L,5836,8593,25082675881278,,regular,2026-04-23T18:34:32Z
10000,AAL,11.75,57120411,2026-04-23T18:32:10Z,False,117500.00,,11.75,11.74,,L,15194,6235,25082675739504,,regular,2026-04-23T18:32:10Z
35300,AAL,11.73,57106055,2026-04-23T18:32:02Z,False,414069.00,,11.74,11.73,,L,4193,7332,25082675730678,,regular,2026-04-23T18:32:02Z
9000,AAL,11.7513,57056864,2026-04-23T18:31:52Z,False,105761.7000,,11.76,11.75,,L,16838,700,25082675721066,,regular,2026-04-23T18:31:52Z
20000,AAL,11.7801,56953641,2026-04-23T18:31:20Z,False,235602.0000,,11.79,11.78,,L,9920,4684,25082675689611,,regular,2026-04-23T18:31:20Z
10049,AAL,11.785,56860064,2026-04-23T18:30:33Z,False,118427.465,,11.79,11.78,,L,3611,7143,25082675641861,,regular,2026-04-23T18:30:33Z
17355,AAL,11.79,56831210,2026-04-23T18:30:17Z,False,204615.45,,11.79,11.78,,L,1911,6301,25082675625661,,regular,2026-04-23T18:30:17Z
9000,AAL,11.7899,56810833,2026-04-23T18:30:14Z,False,106109.1000,,11.79,11.78,,L,1700,4701,25082675623354,,regular,2026-04-23T18:30:14Z
9000,AAL,11.7699,56752051,2026-04-23T18:29:43Z,False,105929.1000,,11.77,11.76,,L,5063,10437,25082675592078,,regular,2026-04-23T18:29:43Z
40000,AAL,11.7601,56742516,2026-04-23T18:29:39Z,False,470404.0000,,11.77,11.76,,L,5073,10212,25082675588558,,regular,2026-04-23T18:29:39Z
9000,AAL,11.765,56695722,2026-04-23T18:29:33Z,False,105885.000,,11.77,11.76,,L,9673,7362,25082675582240,,regular,2026-04-23T18:29:33Z
13390,AAL,11.745,56629759,2026-04-23T18:29:19Z,False,157265.550,,11.75,11.74,,L,19928,3730,25082675567928,,regular,2026-04-23T18:29:19Z
12700,AAL,11.74,56612192,2026-04-23T18:28:54Z,False,149098.00,,11.75,11.74,,L,6882,3666,25082675543236,,regular,2026-04-23T18:28:54Z
40000,AAL,11.7399,56525263,2026-04-23T18:27:36Z,False,469596.0000,,11.74,11.73,,L,10598,5448,25082675464775,,regular,2026-04-23T18:27:36Z
25000,AAL,11.74,56464273,2026-04-23T18:27:01Z,False,293500.00,,11.75,11.74,,L,11761,18146,25082675429885,,regular,2026-04-23T18:27:01Z
9000,AAL,11.7401,56305023,2026-04-23T18:23:56Z,False,105660.9000,,11.75,11.74,,L,11069,4792,25082675244976,,regular,2026-04-23T18:23:56Z
9000,AAL,11.745,56286701,2026-04-23T18:23:02Z,False,105705.000,,11.75,11.74,,L,16584,3511,25082675191526,,regular,2026-04-23T18:23:02Z
9000,AAL,11.755,56255824,2026-04-23T18:22:21Z,False,105795.000,,11.76,11.75,,L,10258,8231,25082675149675,,regular,2026-04-23T18:22:21Z
10000,AAL,11.74,56231019,2026-04-23T18:21:44Z,False,117400.00,,11.75,11.74,,L,21082,10106,25082675113354,,regular,2026-04-23T18:21:44Z
9000,AAL,11.7387,56212619,2026-04-23T18:21:33Z,False,105648.3000,,11.74,11.73,,L,2600,10991,25082675101802,,regular,2026-04-23T18:21:33Z
9000,AAL,11.7301,56147714,2026-04-23T18:21:13Z,False,105570.9000,,11.74,11.73,,L,8004,4233,25082675081752,,regular,2026-04-23T18:21:13Z
13310,AAL,11.755,56049819,2026-04-23T18:20:39Z,False,156459.050,,11.76,11.75,,L,14866,994,25082675047725,,regular,2026-04-23T18:20:39Z
9000,AAL,11.7443,56012473,2026-04-23T18:20:02Z,False,105698.7000,,11.75,11.74,,L,8431,4177,25082675011502,,regular,2026-04-23T18:20:02Z
13300,AAL,11.745,56002863,2026-04-23T18:19:59Z,False,156208.500,,11.75,11.74,,L,8431,3665,25082675007777,,regular,2026-04-23T18:19:59Z
13300,AAL,11.755,55937266,2026-04-23T18:19:39Z,False,156341.500,,11.76,11.75,,L,13344,8315,25082674988441,,regular,2026-04-23T18:19:39Z
20000,AAL,11.7501,55923094,2026-04-23T18:19:37Z,False,235002.0000,,11.76,11.75,,L,13722,8290,25082674986063,,regular,2026-04-23T18:19:37Z
10000,AAL,11.7501,55902884,2026-04-23T18:19:36Z,False,117501.0000,,11.76,11.75,,L,13044,10440,25082674985618,,regular,2026-04-23T18:19:36Z
11000,AAL,11.7301,55755071,2026-04-23T18:18:43Z,False,129031.1000,,11.75,11.74,,L,18987,4327,25082674931782,,regular,2026-04-23T18:18:43Z
13290,AAL,11.745,55731517,2026-04-23T18:18:42Z,False,156091.050,,11.75,11.74,,L,18991,4327,25082674931236,,regular,2026-04-23T18:18:42Z
11000,AAL,11.7301,55702680,2026-04-23T18:18:34Z,False,129031.1000,,11.74,11.73,,L,7845,4798,25082674923488,,regular,2026-04-23T18:18:34Z
13280,AAL,11.735,55588836,2026-04-23T18:17:50Z,False,155840.800,,11.74,11.73,,L,9632,3899,25082674879547,,regular,2026-04-23T18:17:50Z
14183,AAL,11.7301,55569260,2026-04-23T18:17:43Z,False,166368.0083,,11.74,11.73,,L,13032,4100,25082674872309,,regular,2026-04-23T18:17:43Z
13280,AAL,11.735,55540555,2026-04-23T18:17:39Z,False,155840.800,,11.74,11.73,,L,13032,1725,25082674868327,,regular,2026-04-23T18:17:39Z
13280,AAL,11.745,55478048,2026-04-23T18:17:28Z,False,155973.600,,11.75,11.74,,L,28388,4766,25082674856925,,regular,2026-04-23T18:17:28Z
13270,AAL,11.725,55428782,2026-04-23T18:16:58Z,False,155590.750,,11.73,11.72,,L,14600,5762,25082674826658,,regular,2026-04-23T18:16:58Z
10000,AAL,11.72,55361709,2026-04-23T18:16:36Z,False,117200.00,,11.73,11.72,,L,2945,4941,25082674804966,,regular,2026-04-23T18:16:36Z
10000,AAL,11.725,55331487,2026-04-23T18:16:29Z,False,117250.000,,11.73,11.72,,L,6545,4508,25082674798118,,regular,2026-04-23T18:16:29Z
13260,AAL,11.705,55210161,2026-04-23T18:15:25Z,False,155208.300,,11.71,11.7,,L,10366,1447,25082674733844,,regular,2026-04-23T18:15:25Z
13250,AAL,11.705,55166237,2026-04-23T18:14:50Z,False,155091.250,,11.71,11.7,,L,8047,3539,25082674698805,,regular,2026-04-23T18:14:50Z
12800,AAL,11.7001,55134918,2026-04-23T18:14:43Z,False,149761.2800,,11.71,11.7,,L,3162,12498,25082674691730,,regular,2026-04-23T18:14:43Z
18794,AAL,11.682,55058770,2026-04-23T18:13:58Z,False,219551.508,,11.7,11.69,,L,16037,6934,25082674647248,,regular,2026-04-23T18:13:58Z
30127,AAL,11.685,54993176,2026-04-23T18:13:40Z,False,352033.995,,11.69,11.68,,L,12900,10010,25082674629516,,regular,2026-04-23T18:13:40Z
54100,AAL,11.685,54962902,2026-04-23T18:13:40Z,False,632158.500,,11.69,11.68,,L,12900,10010,25082674629515,,regular,2026-04-23T18:13:40Z
19100,AAL,11.682,54901009,2026-04-23T18:13:40Z,False,223126.200,,11.69,11.68,,L,12900,10010,25082674629509,,regular,2026-04-23T18:13:40Z
13240,AAL,11.695,54870678,2026-04-23T18:13:40Z,False,154841.800,,11.7,11.69,,L,20812,3039,25082674629417,,regular,2026-04-23T18:13:40Z
14694,AAL,11.67,54762385,2026-04-23T18:12:50Z,False,171478.98,,11.66,11.65,,L,4525,8009,25082674579298,,regular,2026-04-23T18:12:50Z
22200,AAL,11.6598,54724383,2026-04-23T18:12:42Z,False,258847.5600,,11.66,11.65,,L,4957,3919,25082674570668,,regular,2026-04-23T18:12:42Z
17160,AAL,11.66,54642607,2026-04-23T18:12:18Z,False,200085.60,,11.66,11.65,,L,6693,4447,25082674546951,,regular,2026-04-23T18:12:18Z
15225,AAL,11.6501,54621612,2026-04-23T18:12:11Z,False,177372.7725,,11.66,11.65,,L,6593,4397,25082674539749,,regular,2026-04-23T18:12:11Z
10000,AAL,11.67,54557028,2026-04-23T18:11:22Z,False,116700.00,,11.67,11.66,,L,19655,3047,25082674491638,,regular,2026-04-23T18:11:22Z
10000,AAL,11.6701,54423285,2026-04-23T18:10:29Z,False,116701.0000,,11.68,11.67,,L,9000,10054,25082674437836,,regular,2026-04-23T18:10:29Z
9750,AAL,11.6415,54139994,2026-04-23T18:07:21Z,False,113504.6250,,11.65,11.64,,L,2886,7521,25082674250474,,regular,2026-04-23T18:07:21Z
19980,AAL,11.65,54129798,2026-04-23T18:07:19Z,False,232767.00,,11.65,11.64,,L,2886,7621,25082674248331,,regular,2026-04-23T18:07:19Z
9500,AAL,11.6201,54000110,2026-04-23T18:05:40Z,False,110390.9500,,11.63,11.62,,L,21120,1606,25082674148729,,regular,2026-04-23T18:05:40Z
10000,AAL,11.6202,53900791,2026-04-23T18:03:50Z,False,116202.0000,,11.63,11.62,,L,15616,4401,25082674039391,,regular,2026-04-23T18:03:50Z
19022,AAL,11.63,53889166,2026-04-23T18:03:47Z,False,221225.86,,11.63,11.62,,L,15941,1301,25082674036434,,regular,2026-04-23T18:03:47Z
10000,AAL,11.63,53869141,2026-04-23T18:03:47Z,False,116300.00,,11.63,11.62,,L,15941,1301,25082674036226,,regular,2026-04-23T18:03:47Z
10000,AAL,11.63,53835350,2026-04-23T18:03:17Z,False,116300.00,,11.63,11.62,,L,16496,604,25082674006339,,regular,2026-04-23T18:03:17Z
9000,AAL,11.63,53805895,2026-04-23T18:02:55Z,False,104670.00,,11.63,11.62,,L,6732,2511,25082673984301,,regular,2026-04-23T18:02:55Z
9000,AAL,11.635,53760236,2026-04-23T18:02:44Z,False,104715.000,,11.64,11.63,,L,1242,4639,25082673973217,,regular,2026-04-23T18:02:44Z
15634,AAL,11.63,53705046,2026-04-23T18:02:24Z,False,181823.42,,11.62,11.61,,L,4102,3195,25082673953380,,regular,2026-04-23T18:02:24Z
10000,AAL,11.6198,53680778,2026-04-23T18:02:16Z,False,116198.0000,,11.62,11.61,,L,4292,2738,25082673944917,,regular,2026-04-23T18:02:16Z
9800,AAL,11.6001,52956435,2026-04-23T17:56:43Z,False,113680.9800,,11.61,11.6,,L,3781,2996,25082673612404,,regular,2026-04-23T17:56:43Z
9800,AAL,11.6,52946635,2026-04-23T17:56:43Z,False,113680.0,,11.61,11.6,,L,3781,2996,25082673612403,,regular,2026-04-23T17:56:43Z
10000,AAL,11.6001,52936634,2026-04-23T17:56:43Z,False,116001.0000,,11.61,11.6,,L,3781,2996,25082673611905,,regular,2026-04-23T17:56:43Z
11520,AAL,11.62,52899088,2026-04-23T17:56:38Z,False,133862.40,,11.63,11.62,,L,11557,1000,25082673607316,,regular,2026-04-23T17:56:38Z
23200,AAL,11.62,52881619,2026-04-23T17:56:37Z,False,269584.00,,11.63,11.62,,L,4625,3902,25082673605665,,regular,2026-04-23T17:56:37Z
28180,AAL,11.62,52857919,2026-04-23T17:56:37Z,False,327451.60,,11.63,11.62,,L,4625,3902,25082673605662,,regular,2026-04-23T17:56:37Z
10000,AAL,11.6399,52811075,2026-04-23T17:56:20Z,False,116399.0000,,11.64,11.63,,L,9057,1235,25082673589571,,regular,2026-04-23T17:56:20Z
11900,AAL,11.62,52759864,2026-04-23T17:56:04Z,False,138278.00,,11.63,11.62,,L,3073,7332,25082673573147,,regular,2026-04-23T17:56:04Z
9000,AAL,11.606,52633204,2026-04-23T17:55:45Z,False,104454.000,,11.61,11.6,,L,855,11299,25082673554623,,regular,2026-04-23T17:55:45Z
9000,AAL,11.6022,52618480,2026-04-23T17:55:40Z,False,104419.8000,,11.61,11.6,,L,11512,2910,25082673549205,,regular,2026-04-23T17:55:40Z
9000,AAL,11.5999,52605395,2026-04-23T17:55:37Z,False,104399.1000,,11.6,11.59,,L,4386,8657,25082673546554,,regular,2026-04-23T17:55:37Z
10363,AAL,11.58,52529015,2026-04-23T17:55:06Z,False,120003.54,,11.58,11.57,,L,16134,3150,25082673514937,,regular,2026-04-23T17:55:06Z
10000,AAL,11.5799,52255123,2026-04-23T17:53:50Z,False,115799.0000,,11.58,11.57,,L,3200,5964,25082673438972,,regular,2026-04-23T17:53:50Z
10000,AAL,11.5899,52160816,2026-04-23T17:53:33Z,False,115899.0000,,11.59,11.58,,L,13026,20718,25082673422328,,regular,2026-04-23T17:53:33Z
9000,AAL,11.5899,52113831,2026-04-23T17:53:32Z,False,104309.1000,,11.59,11.58,,L,13026,20718,25082673420812,,regular,2026-04-23T17:53:32Z
9000,AAL,11.59,52104831,2026-04-23T17:53:32Z,False,104310.00,,11.59,11.58,,L,13026,20718,25082673420811,,regular,2026-04-23T17:53:32Z
13020,AAL,11.445,50915348,2026-04-23T17:50:45Z,False,149013.900,,11.45,11.44,,L,2401,8022,25082673254054,,regular,2026-04-23T17:50:45Z
11925,AAL,11.45,50885639,2026-04-23T17:50:40Z,False,136541.25,,11.45,11.44,,L,2249,7832,25082673249479,,regular,2026-04-23T17:50:40Z
9000,AAL,11.4401,50870090,2026-04-23T17:50:38Z,False,102960.9000,,11.45,11.44,,L,12781,700,25082673247091,,regular,2026-04-23T17:50:38Z
10000,AAL,11.4299,50825101,2026-04-23T17:50:24Z,False,114299.0000,,11.43,11.42,,L,962,11243,25082673233478,,regular,2026-04-23T17:50:24Z
10000,AAL,11.4401,50796150,2026-04-23T17:50:10Z,False,114401.0000,,11.45,11.44,,L,14556,363,25082673218671,,regular,2026-04-23T17:50:10Z
15000,AAL,11.46,50622311,2026-04-23T17:49:16Z,False,171900.00,,11.46,11.45,,L,10821,10562,25082673165504,,regular,2026-04-23T17:49:16Z
10840,AAL,11.465,50589542,2026-04-23T17:49:11Z,False,124280.600,,11.47,11.46,,L,12084,800,25082673159933,,regular,2026-04-23T17:49:11Z
20000,AAL,11.47,50578574,2026-04-23T17:49:11Z,False,229400.00,,11.47,11.45,,L,14284,13132,25082673159894,,regular,2026-04-23T17:49:11Z
20000,AAL,11.47,50499977,2026-04-23T17:48:55Z,False,229400.00,,11.47,11.46,,L,10200,4575,25082673143902,,regular,2026-04-23T17:48:55Z
10527,AAL,11.45,50172909,2026-04-23T17:47:54Z,False,120534.15,,11.45,11.44,,L,5927,8925,25082673083464,,regular,2026-04-23T17:47:54Z
12600,AAL,11.445,50147150,2026-04-23T17:47:50Z,False,144207.000,,11.47,11.46,,L,11534,4642,25082673079019,,regular,2026-04-23T17:47:50Z
12990,AAL,11.445,50018923,2026-04-23T17:47:44Z,False,148670.550,,11.45,11.44,,L,4510,4182,25082673073495,,regular,2026-04-23T17:47:44Z
9000,AAL,11.4265,49806195,2026-04-23T17:47:07Z,False,102838.5000,,11.43,11.42,,L,8756,5692,25082673035827,,regular,2026-04-23T17:47:07Z
25000,AAL,11.46,49619149,2026-04-23T17:46:08Z,False,286500.00,,11.46,11.45,,L,6532,3862,25082672977356,,regular,2026-04-23T17:46:08Z
32712,AAL,11.43,49462982,2026-04-23T17:45:45Z,False,373898.16,,11.45,11.44,,L,4657,10823,25082672953835,,regular,2026-04-23T17:45:45Z
9000,AAL,11.45,49215104,2026-04-23T17:45:12Z,False,103050.00,,11.46,11.45,,L,11710,4994,25082672921405,,regular,2026-04-23T17:45:12Z
10000,AAL,11.47,49109046,2026-04-23T17:44:43Z,False,114700.00,,11.47,11.46,,L,11727,8336,25082672891786,,regular,2026-04-23T17:44:43Z
25000,AAL,11.4699,49095941,2026-04-23T17:44:38Z,False,286747.5000,,11.47,11.46,,L,9038,10579,25082672886671,,regular,2026-04-23T17:44:38Z
12000,AAL,11.47,49034077,2026-04-23T17:44:29Z,False,137640.00,,11.47,11.46,,L,6602,12229,25082672877806,,regular,2026-04-23T17:44:29Z
12853,AAL,11.48,48909621,2026-04-23T17:44:12Z,False,147552.44,,11.47,11.46,,L,3155,16255,25082672861253,,regular,2026-04-23T17:44:12Z
20000,AAL,11.5,48753283,2026-04-23T17:43:57Z,False,230000.0,,11.5,11.49,,L,4563,2807,25082672846217,,regular,2026-04-23T17:43:57Z
8840,AAL,11.49,48733283,2026-04-23T17:43:57Z,False,101571.60,,11.5,11.49,,L,4131,2782,25082672846000,,regular,2026-04-23T17:43:57Z
8900,AAL,11.5092,48635375,2026-04-23T17:43:01Z,False,102431.8800,,11.51,11.5,,L,6727,17251,25082672790480,,regular,2026-04-23T17:43:01Z
10659,AAL,11.475,48486374,2026-04-23T17:42:17Z,False,122312.025,,11.48,11.47,,L,4282,5334,25082672745844,,regular,2026-04-23T17:42:17Z
11650,AAL,11.485,48381523,2026-04-23T17:41:50Z,False,133800.250,,11.48,11.47,,L,6263,4110,25082672719426,,regular,2026-04-23T17:41:50Z
27624,AAL,11.485,48367850,2026-04-23T17:41:50Z,False,317261.640,,11.48,11.47,,L,6263,4110,25082672719166,,regular,2026-04-23T17:41:50Z
10000,AAL,11.47,48174334,2026-04-23T17:41:39Z,False,114700.00,,11.48,11.47,,L,8232,4231,25082672708451,,regular,2026-04-23T17:41:39Z
18253,AAL,11.49,48136609,2026-04-23T17:41:27Z,False,209726.97,,11.5,11.49,,L,4232,6195,25082672696167,,regular,2026-04-23T17:41:27Z
17547,AAL,11.49,48118256,2026-04-23T17:41:27Z,False,201615.03,,11.5,11.49,,L,4232,6195,25082672696166,,regular,2026-04-23T17:41:27Z
10000,AAL,11.5,48070097,2026-04-23T17:41:25Z,False,115000.0,,11.5,11.49,,L,5532,5795,25082672693921,,regular,2026-04-23T17:41:25Z
9000,AAL,11.4901,48058862,2026-04-23T17:41:25Z,False,103410.9000,,11.5,11.49,,L,5532,5795,25082672693778,,regular,2026-04-23T17:41:25Z
10000,AAL,11.49,48046770,2026-04-23T17:41:23Z,False,114900.00,,11.5,11.49,,L,5851,6195,25082672692383,,regular,2026-04-23T17:41:23Z
10000,AAL,11.4901,48036424,2026-04-23T17:41:23Z,False,114901.0000,,11.5,11.49,,L,5851,6195,25082672691866,,regular,2026-04-23T17:41:23Z
10000,AAL,11.5001,47970420,2026-04-23T17:41:02Z,False,115001.0000,,11.51,11.5,,L,7432,14955,25082672670873,,regular,2026-04-23T17:41:02Z
10000,AAL,11.5001,47958177,2026-04-23T17:41:01Z,False,115001.0000,,11.51,11.5,,L,7432,15055,25082672670293,,regular,2026-04-23T17:41:01Z
10000,AAL,11.5001,47946562,2026-04-23T17:41:01Z,False,115001.0000,,11.51,11.5,,L,7432,14655,25082672669766,,regular,2026-04-23T17:41:01Z
20456,AAL,11.51,47777440,2026-04-23T17:40:46Z,False,235448.56,,11.52,11.51,,L,14717,600,25082672655020,,regular,2026-04-23T17:40:46Z
12471,AAL,11.51,47596236,2026-04-23T17:40:43Z,False,143541.21,,11.52,11.51,,L,9383,2500,25082672651689,,regular,2026-04-23T17:40:43Z
48000,AAL,11.53,47222597,2026-04-23T17:40:28Z,False,553440.00,,11.54,11.53,,L,6786,30172,25082672637422,,regular,2026-04-23T17:40:28Z
20400,AAL,11.535,47171987,2026-04-23T17:40:28Z,False,235314.000,,11.54,11.53,,L,6786,30172,25082672637421,,regular,2026-04-23T17:40:28Z
10000,AAL,11.6199,46358673,2026-04-23T17:38:07Z,False,116199.0000,,11.62,11.61,,L,660,8405,25082672496212,,regular,2026-04-23T17:38:07Z
10000,AAL,11.62,46348274,2026-04-23T17:38:07Z,False,116200.00,,11.62,11.61,,L,660,8405,25082672496210,,regular,2026-04-23T17:38:07Z
19961,AAL,11.62,46218904,2026-04-23T17:37:01Z,False,231946.82,,11.64,11.63,,L,5577,4074,25082672430343,,regular,2026-04-23T17:37:01Z
19746,AAL,11.66,45840655,2026-04-23T17:36:11Z,False,230238.36,,11.68,11.67,,L,5607,4724,25082672380534,,regular,2026-04-23T17:36:11Z
31128,AAL,11.67,45636261,2026-04-23T17:34:52Z,False,363263.76,,11.68,11.67,,L,7126,3901,25082672301638,,regular,2026-04-23T17:34:52Z
9276,AAL,11.6802,45591535,2026-04-23T17:34:52Z,False,108345.5352,,11.69,11.68,,L,4018,4444,25082672301333,,regular,2026-04-23T17:34:52Z
10000,AAL,11.6599,45455134,2026-04-23T17:34:01Z,False,116599.0000,,11.66,11.65,,L,5900,15551,25082672250139,,regular,2026-04-23T17:34:01Z
39075,AAL,11.66,45428150,2026-04-23T17:33:52Z,False,455614.50,,11.67,11.66,,L,7394,2032,25082672241059,,regular,2026-04-23T17:33:52Z
20708,AAL,11.66,45327994,2026-04-23T17:32:56Z,False,241455.28,,11.67,11.66,,L,2274,4047,25082672185352,,regular,2026-04-23T17:32:56Z
34473,AAL,11.66,45216356,2026-04-23T17:32:09Z,False,401955.18,,11.68,11.67,,L,6812,2492,25082672138230,,regular,2026-04-23T17:32:09Z
32850,AAL,11.66,45045707,2026-04-23T17:31:25Z,False,383031.00,,11.67,11.66,,L,7325,8155,25082672093709,,regular,2026-04-23T17:31:25Z
15000,AAL,11.67,45005094,2026-04-23T17:31:24Z,False,175050.00,,11.67,11.66,,L,7325,8155,25082672092966,,regular,2026-04-23T17:31:24Z
9000,AAL,11.6699,44988203,2026-04-23T17:31:15Z,False,105029.1000,,11.67,11.66,,L,725,7835,25082672083876,,regular,2026-04-23T17:31:15Z
13639,AAL,11.6896,44933709,2026-04-23T17:30:45Z,False,159434.4544,,11.69,11.68,,2,7414,1525,25082672054082,,regular,2026-04-23T17:30:45Z
36261,AAL,11.69,44894384,2026-04-23T17:30:30Z,False,423891.09,,11.7,11.69,,L,4451,24816,25082672038769,,regular,2026-04-23T17:30:30Z
35034,AAL,11.685,44781015,2026-04-23T17:30:00Z,False,409372.290,,11.69,11.68,,L,6900,7897,25082672009317,,regular,2026-04-23T17:30:00Z
36502,AAL,11.68,44719776,2026-04-23T17:29:29Z,False,426343.36,,11.69,11.68,,L,5738,7347,25082671978632,,regular,2026-04-23T17:29:29Z
34754,AAL,11.67,44594812,2026-04-23T17:28:45Z,False,405579.18,,11.68,11.67,,L,6653,5674,25082671934241,,regular,2026-04-23T17:28:45Z
36900,AAL,11.68,44409426,2026-04-23T17:28:00Z,False,430992.00,,11.69,11.68,,L,2939,4209,25082671889463,,regular,2026-04-23T17:28:00Z
12800,AAL,11.685,44354944,2026-04-23T17:27:42Z,False,149568.000,,11.69,11.68,,L,500,7915,25082671871188,,regular,2026-04-23T17:27:42Z
9700,AAL,11.69,44342119,2026-04-23T17:27:42Z,False,113393.00,,11.69,11.68,,L,2174,7375,25082671871014,,regular,2026-04-23T17:27:42Z
9878,AAL,11.69,44330497,2026-04-23T17:27:41Z,False,115473.82,,11.69,11.68,,L,4139,7475,25082671870220,,regular,2026-04-23T17:27:41Z
12800,AAL,11.695,44312574,2026-04-23T17:27:32Z,False,149696.000,,11.7,11.69,,L,1000,4474,25082671861499,,regular,2026-04-23T17:27:32Z
33751,AAL,11.71,44230508,2026-04-23T17:26:53Z,False,395224.21,,11.72,11.71,,L,3574,1185,25082671822543,,regular,2026-04-23T17:26:53Z
10000,AAL,11.6999,44078739,2026-04-23T17:26:05Z,False,116999.0000,,11.71,11.7,,L,4690,4444,25082671773830,,regular,2026-04-23T17:26:05Z
9900,AAL,11.6958,44051752,2026-04-23T17:26:04Z,False,115788.4200,,11.7,11.69,,L,4944,5944,25082671772748,,regular,2026-04-23T17:26:04Z
9900,AAL,11.685,44037103,2026-04-23T17:26:03Z,False,115681.500,,11.69,11.68,,L,2544,7611,25082671772155,,regular,2026-04-23T17:26:03Z
10839,AAL,11.68,44011079,2026-04-23T17:25:56Z,False,126599.52,,11.69,11.68,,L,2744,8427,25082671764730,,regular,2026-04-23T17:25:56Z
11970,AAL,11.69,43967079,2026-04-23T17:25:53Z,False,139929.30,,11.69,11.68,,L,6367,7120,25082671762334,,regular,2026-04-23T17:25:53Z
38360,AAL,11.705,43892081,2026-04-23T17:25:43Z,False,449003.800,,11.71,11.7,,L,2900,16881,25082671751982,,regular,2026-04-23T17:25:43Z
9900,AAL,11.705,43842308,2026-04-23T17:25:37Z,False,115879.500,,11.71,11.7,,L,4142,17163,25082671746367,,regular,2026-04-23T17:25:37Z
9800,AAL,11.7101,43827477,2026-04-23T17:25:36Z,False,114758.9800,,11.72,11.71,,L,6294,1637,25082671745172,,regular,2026-04-23T17:25:36Z
18820,AAL,11.72,43514180,2026-04-23T17:24:29Z,False,220570.40,,11.73,11.72,,L,3447,2343,25082671677907,,regular,2026-04-23T17:24:29Z
9000,AAL,11.7415,43434672,2026-04-23T17:24:22Z,False,105673.5000,,11.75,11.73,,L,8064,3763,25082671671027,,regular,2026-04-23T17:24:22Z
15000,AAL,11.7399,43376457,2026-04-23T17:23:38Z,False,176098.5000,,11.74,11.73,,L,5472,325,25082671627607,,regular,2026-04-23T17:23:38Z
9000,AAL,11.735,43330292,2026-04-23T17:23:21Z,False,105615.000,,11.74,11.73,,L,3128,7810,25082671609793,,regular,2026-04-23T17:23:21Z
10000,AAL,11.735,43309214,2026-04-23T17:22:56Z,False,117350.000,,11.74,11.73,,L,1903,7446,25082671585170,,regular,2026-04-23T17:22:56Z
9000,AAL,11.7601,43201165,2026-04-23T17:21:11Z,False,105840.9000,,11.77,11.76,,L,5319,4164,25082671479992,,regular,2026-04-23T17:21:11Z
9000,AAL,11.7599,43182666,2026-04-23T17:21:04Z,False,105839.1000,,11.77,11.76,,L,6082,2737,25082671472855,,regular,2026-04-23T17:21:04Z
11955,AAL,11.745,43160569,2026-04-23T17:20:48Z,False,140411.475,,11.75,11.74,,L,4800,9930,25082671457084,,regular,2026-04-23T17:20:48Z
9000,AAL,11.7599,43024951,2026-04-23T17:19:43Z,False,105839.1000,,11.76,11.75,,L,2280,5857,25082671392037,,regular,2026-04-23T17:19:43Z
9000,AAL,11.7721,42959855,2026-04-23T17:19:13Z,False,105948.9000,,11.78,11.77,,L,5537,951,25082671361880,,regular,2026-04-23T17:19:13Z
12710,AAL,11.755,42829359,2026-04-23T17:17:50Z,False,149406.050,,11.76,11.75,,L,2627,14321,25082671279141,,regular,2026-04-23T17:17:50Z
30000,AAL,11.7599,42739863,2026-04-23T17:17:14Z,False,352797.0000,,11.76,11.75,,L,6987,3975,25082671243215,,regular,2026-04-23T17:17:14Z
26117,AAL,11.77,42700975,2026-04-23T17:17:10Z,False,307397.09,,11.77,11.76,,L,7844,5861,25082671239372,,regular,2026-04-23T17:17:10Z
10000,AAL,11.75,42652219,2026-04-23T17:17:06Z,False,117500.00,,11.76,11.75,,L,5769,3064,25082671235094,,regular,2026-04-23T17:17:06Z
9900,AAL,11.7499,42615955,2026-04-23T17:16:50Z,False,116324.0100,,11.75,11.74,,L,950,5283,25082671218751,,regular,2026-04-23T17:16:50Z
38100,AAL,11.765,42517054,2026-04-23T17:16:46Z,False,448246.500,,11.78,11.77,,L,14359,1477,25082671215542,,regular,2026-04-23T17:16:46Z
10000,AAL,11.78,42464826,2026-04-23T17:16:37Z,False,117800.00,,11.79,11.78,,L,9118,4196,25082671206594,,regular,2026-04-23T17:16:37Z
10955,AAL,11.785,42435224,2026-04-23T17:16:33Z,False,129104.675,,11.79,11.78,,L,766,4071,25082671202502,,regular,2026-04-23T17:16:33Z
10000,AAL,11.7801,42420075,2026-04-23T17:16:31Z,False,117801.0000,,11.79,11.78,,L,3341,4051,25082671200212,,regular,2026-04-23T17:16:31Z
9900,AAL,11.7801,42364599,2026-04-23T17:16:01Z,False,116622.9900,,11.79,11.78,,L,7441,4046,25082671170508,,regular,2026-04-23T17:16:01Z
9900,AAL,11.7801,42353409,2026-04-23T17:16:00Z,False,116622.9900,,11.79,11.77,,L,10261,11704,25082671169336,,regular,2026-04-23T17:16:00Z
12350,AAL,11.79,42336068,2026-04-23T17:15:50Z,False,145606.50,,11.79,11.78,,L,7371,3224,25082671158983,,regular,2026-04-23T17:15:50Z
9000,AAL,11.785,42323506,2026-04-23T17:15:50Z,False,106065.000,,11.79,11.78,,L,7371,3224,25082671158945,,regular,2026-04-23T17:15:50Z
12680,AAL,11.805,42218509,2026-04-23T17:14:44Z,False,149687.400,,11.81,11.8,,L,4179,5787,25082671092712,,regular,2026-04-23T17:14:44Z
9000,AAL,11.8199,42170935,2026-04-23T17:14:14Z,False,106379.1000,,11.82,11.81,,L,5352,3955,25082671062887,,regular,2026-04-23T17:14:14Z
12670,AAL,11.795,42113457,2026-04-23T17:13:51Z,False,149442.650,,11.8,11.79,,L,4026,11930,25082671039822,,regular,2026-04-23T17:13:51Z
9000,AAL,11.8,42097945,2026-04-23T17:13:50Z,False,106200.0,,11.81,11.8,,L,4484,37641,25082671039178,,regular,2026-04-23T17:13:50Z
12000,AAL,11.81,42026216,2026-04-23T17:13:45Z,False,141720.00,,11.81,11.8,,L,3009,36469,25082671033772,,regular,2026-04-23T17:13:45Z
12032,AAL,11.81,41904189,2026-04-23T17:12:38Z,False,142097.92,,11.83,11.82,,L,4577,21,25082670967244,,regular,2026-04-23T17:12:38Z
9500,AAL,11.84,41868024,2026-04-23T17:12:30Z,False,112480.00,,11.84,11.83,,L,4262,12701,25082670958873,,regular,2026-04-23T17:12:30Z
15100,AAL,11.85,41779896,2026-04-23T17:11:49Z,False,178935.00,,11.85,11.84,,L,2773,11169,25082670918589,,regular,2026-04-23T17:11:49Z
19900,AAL,11.86,41742334,2026-04-23T17:11:35Z,False,236014.00,,11.86,11.85,,L,5544,4124,25082670904064,,regular,2026-04-23T17:11:35Z
10000,AAL,11.8699,41680772,2026-04-23T17:11:02Z,False,118699.0000,,11.87,11.86,,L,7116,6244,25082670870767,,regular,2026-04-23T17:11:02Z
10000,AAL,11.87,41670722,2026-04-23T17:11:01Z,False,118700.00,,11.87,11.86,,L,7746,6372,25082670869794,,regular,2026-04-23T17:11:01Z
10000,AAL,11.8499,41474197,2026-04-23T17:09:55Z,False,118499.0000,,11.85,11.84,,L,4554,8482,25082670804612,,regular,2026-04-23T17:09:55Z
13800,AAL,11.86,41375709,2026-04-23T17:09:47Z,False,163668.00,,11.87,11.86,,L,5945,5407,25082670796494,,regular,2026-04-23T17:09:47Z
99001,AAL,11.87,41340914,2026-04-23T17:09:43Z,False,1175141.87,,11.88,11.87,,L,4944,3828,25082670792214,,regular,2026-04-23T17:09:43Z
19500,AAL,11.9,41177762,2026-04-23T17:09:05Z,False,232050.0,,11.9,11.89,,L,7569,7646,25082670754101,,regular,2026-04-23T17:09:05Z
10000,AAL,11.89,41145775,2026-04-23T17:08:56Z,False,118900.00,,11.89,11.88,,L,1909,9424,25082670744820,,regular,2026-04-23T17:08:56Z
15600,AAL,11.8899,41134014,2026-04-23T17:08:50Z,False,185482.4400,,11.89,11.88,,L,4337,12754,25082670738766,,regular,2026-04-23T17:08:50Z
10000,AAL,11.89,41109396,2026-04-23T17:08:46Z,False,118900.00,,11.89,11.88,,L,1533,16199,25082670734802,,regular,2026-04-23T17:08:46Z
9900,AAL,11.9242,40996656,2026-04-23T17:08:09Z,False,118049.5800,,11.93,11.92,,L,9509,37373,25082670698340,,regular,2026-04-23T17:08:09Z
9900,AAL,11.9199,40973658,2026-04-23T17:08:09Z,False,118007.0100,,11.92,11.91,,L,6122,37451,25082670697698,,regular,2026-04-23T17:08:09Z
10000,AAL,11.9199,40963740,2026-04-23T17:08:08Z,False,119199.0000,,11.92,11.91,,L,6322,37451,25082670696687,,regular,2026-04-23T17:08:08Z
75629,AAL,11.91,40952780,2026-04-23T17:08:05Z,False,900741.39,,11.92,11.91,,L,7336,38151,25082670694071,,regular,2026-04-23T17:08:05Z
9900,AAL,11.915,40447946,2026-04-23T17:07:50Z,False,117958.500,,11.92,11.91,,L,19744,3690,25082670679423,,regular,2026-04-23T17:07:50Z
9900,AAL,11.9101,40437927,2026-04-23T17:07:50Z,False,117909.9900,,11.92,11.91,,L,20634,3490,25082670678648,,regular,2026-04-23T17:07:50Z
15000,AAL,11.91,40423339,2026-04-23T17:07:49Z,False,178650.00,,11.92,11.91,,L,20634,3490,25082670678455,,regular,2026-04-23T17:07:49Z
9900,AAL,11.92,40401175,2026-04-23T17:07:44Z,False,118008.00,,11.93,11.92,,L,13468,4471,25082670672932,,regular,2026-04-23T17:07:44Z
10076,AAL,11.92,40323420,2026-04-23T17:06:57Z,False,120105.92,,11.93,11.92,,L,4581,23458,25082670625760,,regular,2026-04-23T17:06:57Z
10088,AAL,11.92,40116804,2026-04-23T17:06:21Z,False,120248.96,,11.94,11.93,,L,15178,3454,25082670590270,,regular,2026-04-23T17:06:21Z
10400,AAL,11.931,40099918,2026-04-23T17:06:21Z,False,124082.400,,11.94,11.93,,L,15178,3454,25082670590253,,regular,2026-04-23T17:06:21Z
24600,AAL,11.945,39937676,2026-04-23T17:06:00Z,False,293847.000,,11.95,11.94,,L,11394,17070,25082670569034,,regular,2026-04-23T17:06:00Z
10900,AAL,11.955,39866036,2026-04-23T17:05:59Z,False,130309.500,,11.96,11.95,,L,8026,14696,25082670567833,,regular,2026-04-23T17:05:59Z
9000,AAL,12.0199,39604311,2026-04-23T17:03:05Z,False,108179.1000,,12.02,12.01,,L,6325,8394,25082670393946,,regular,2026-04-23T17:03:05Z
10000,AAL,12.0101,39595285,2026-04-23T17:03:04Z,False,120101.0000,,12.02,12.01,,L,6765,8594,25082670392687,,regular,2026-04-23T17:03:04Z
8622,AAL,12.0099,39386114,2026-04-23T17:01:52Z,False,103549.3578,,12.01,12,,L,3540,16742,25082670320724,,regular,2026-04-23T17:01:52Z
11600,AAL,12.075,38896547,2026-04-23T16:58:34Z,False,140070.000,,12.08,12.07,,L,9974,2315,25082670123339,,regular,2026-04-23T16:58:34Z
8400,AAL,12.075,38531434,2026-04-23T16:55:00Z,False,101430.000,,12.08,12.07,,L,7351,15761,25082669909627,,regular,2026-04-23T16:55:00Z
11400,AAL,12.075,38373703,2026-04-23T16:50:52Z,False,137655.000,,12.08,12.07,,L,8166,4588,25082669661213,,regular,2026-04-23T16:50:52Z
9600,AAL,12.075,38330645,2026-04-23T16:49:45Z,False,115920.000,,12.08,12.07,,L,6591,6815,25082669594451,,regular,2026-04-23T16:49:45Z
17422,AAL,12.08,38306726,2026-04-23T16:49:36Z,False,210457.76,,12.09,12.08,,L,15518,4404,25082669585593,,regular,2026-04-23T16:49:36Z
9000,AAL,12.095,38119614,2026-04-23T16:46:30Z,False,108855.000,,12.1,12.09,,L,7202,9959,25082669398690,,regular,2026-04-23T16:46:30Z
16522,AAL,12.1,38065200,2026-04-23T16:46:03Z,False,199916.2,,12.11,12.1,,L,2240,6702,25082669371743,,regular,2026-04-23T16:46:03Z
9930,AAL,12.0801,37942563,2026-04-23T16:43:17Z,False,119955.3930,,12.09,12.08,,L,2159,10017,25082669206148,,regular,2026-04-23T16:43:17Z
26436,AAL,12.09,37610663,2026-04-23T16:38:26Z,False,319611.24,,12.11,12.1,,L,4382,4809,25082668915267,,regular,2026-04-23T16:38:26Z
27442,AAL,12.115,37443039,2026-04-23T16:37:23Z,False,332459.830,,12.12,12.11,,L,4251,6636,25082668851773,,regular,2026-04-23T16:37:23Z
9600,AAL,12.125,37304182,2026-04-23T16:37:11Z,False,116400.000,,12.13,12.12,,L,10867,13549,25082668839986,,regular,2026-04-23T16:37:11Z
12320,AAL,12.125,37229922,2026-04-23T16:36:52Z,False,149380.000,,12.13,12.12,,L,8087,6571,25082668821577,,regular,2026-04-23T16:36:52Z
12320,AAL,12.125,37216389,2026-04-23T16:36:51Z,False,149380.000,,12.13,12.12,,L,7262,6575,25082668819842,,regular,2026-04-23T16:36:51Z
25000,AAL,12.1298,37199372,2026-04-23T16:36:42Z,False,303245.0000,,12.13,12.12,,L,5815,7405,25082668811412,,regular,2026-04-23T16:36:42Z
21219,AAL,12.125,37136773,2026-04-23T16:36:37Z,False,257280.375,,12.13,12.12,,L,5063,6969,25082668805808,,regular,2026-04-23T16:36:37Z
8948,AAL,12.135,37051072,2026-04-23T16:36:28Z,False,108583.980,,12.14,12.13,,L,16339,7775,25082668797407,,regular,2026-04-23T16:36:28Z
23700,AAL,12.135,37041997,2026-04-23T16:36:28Z,False,287599.500,,12.14,12.13,,L,16339,7775,25082668797405,,regular,2026-04-23T16:36:28Z
32371,AAL,12.125,36982211,2026-04-23T16:36:14Z,False,392498.375,,12.13,12.12,,L,6455,7377,25082668782694,,regular,2026-04-23T16:36:14Z
10000,AAL,12.13,36936263,2026-04-23T16:36:09Z,False,121300.00,,12.13,12.12,,L,6036,6846,25082668778024,,regular,2026-04-23T16:36:09Z
23164,AAL,12.115,36888510,2026-04-23T16:35:57Z,False,280631.860,,12.12,12.11,,L,6634,7050,25082668766059,,regular,2026-04-23T16:35:57Z
19212,AAL,12.115,36838928,2026-04-23T16:35:31Z,False,232753.380,,12.12,12.11,,L,1526,8055,25082668739864,,regular,2026-04-23T16:35:31Z
10000,AAL,12.1199,36805441,2026-04-23T16:35:24Z,False,121199.0000,,12.12,12.11,,L,4590,6440,25082668732784,,regular,2026-04-23T16:35:24Z
12669,AAL,12.1199,36795440,2026-04-23T16:35:23Z,False,153547.0131,,12.12,12.11,,L,4590,6340,25082668732216,,regular,2026-04-23T16:35:23Z
27666,AAL,12.115,36696580,2026-04-23T16:35:21Z,False,335173.590,,12.13,12.11,,L,11355,25499,25082668730408,,regular,2026-04-23T16:35:21Z
23268,AAL,12.095,36597644,2026-04-23T16:35:06Z,False,281426.460,,12.1,12.09,,L,5531,9316,25082668715426,,regular,2026-04-23T16:35:06Z
9600,AAL,12.075,36267403,2026-04-23T16:34:15Z,False,115920.000,,12.08,12.07,,L,29143,4439,25082668664167,,regular,2026-04-23T16:34:15Z
31201,AAL,12.065,36197306,2026-04-23T16:33:40Z,False,376440.065,,12.07,12.06,,L,11009,7406,25082668628946,,regular,2026-04-23T16:33:40Z
11527,AAL,12.06,36145564,2026-04-23T16:33:36Z,False,139015.62,,12.06,12.05,,L,7253,5615,25082668625120,,regular,2026-04-23T16:33:36Z
14300,AAL,12.065,36113335,2026-04-23T16:33:30Z,False,172529.500,,12.07,12.06,,L,19450,4165,25082668618899,,regular,2026-04-23T16:33:30Z
18360,AAL,12.065,36088511,2026-04-23T16:33:09Z,False,221513.400,,12.07,12.06,,L,9816,1857,25082668597989,,regular,2026-04-23T16:33:09Z
10137,AAL,12.065,36039161,2026-04-23T16:32:55Z,False,122302.905,,12.07,12.06,,L,9576,9232,25082668584066,,regular,2026-04-23T16:32:55Z
8400,AAL,12.065,35872955,2026-04-23T16:32:18Z,False,101346.000,,12.07,12.06,,L,8708,5983,25082668547298,,regular,2026-04-23T16:32:18Z
9370,AAL,12.065,35833798,2026-04-23T16:32:07Z,False,113049.050,,12.07,12.06,,L,6812,8589,25082668535974,,regular,2026-04-23T16:32:07Z
17925,AAL,12.065,35808587,2026-04-23T16:31:25Z,False,216265.125,,12.07,12.06,,L,4855,8159,25082668494579,,regular,2026-04-23T16:31:25Z
12101,AAL,12.065,35740671,2026-04-23T16:30:46Z,False,145998.565,,12.07,12.06,,L,4257,8191,25082668454758,,regular,2026-04-23T16:30:46Z
8400,AAL,12.075,35675445,2026-04-23T16:29:52Z,False,101430.000,,12.08,12.07,,L,7449,4635,25082668401509,,regular,2026-04-23T16:29:52Z
9700,AAL,12.075,35617410,2026-04-23T16:29:27Z,False,117127.500,,12.08,12.07,,L,5246,4096,25082668376414,,regular,2026-04-23T16:29:27Z
12240,AAL,12.085,35515942,2026-04-23T16:28:47Z,False,147920.400,,12.08,12.07,,L,10796,13196,25082668336329,,regular,2026-04-23T16:28:47Z
12240,AAL,12.085,35433594,2026-04-23T16:28:20Z,False,147920.400,,12.09,12.08,,L,7985,6894,25082668308736,,regular,2026-04-23T16:28:20Z
9000,AAL,12.0794,35320448,2026-04-23T16:27:17Z,False,108714.6000,,12.08,12.07,,L,10918,13856,25082668246061,,regular,2026-04-23T16:27:17Z
18100,AAL,12.05,35084402,2026-04-23T16:25:30Z,False,218105.00,,12.06,12.05,,L,13054,11188,25082668139208,,regular,2026-04-23T16:25:30Z
13949,AAL,12.0401,34916411,2026-04-23T16:23:15Z,False,167947.3549,,12.05,12.04,,L,11906,9141,25082668003909,,regular,2026-04-23T16:23:15Z
9000,AAL,12.045,34845340,2026-04-23T16:22:33Z,False,108405.000,,12.05,12.04,,L,13161,2739,25082667962178,,regular,2026-04-23T16:22:33Z
10000,AAL,12.045,34836009,2026-04-23T16:22:30Z,False,120450.000,,12.05,12.04,,L,13066,2713,25082667958879,,regular,2026-04-23T16:22:30Z
15538,AAL,12.04,34819259,2026-04-23T16:22:26Z,False,187077.52,,12.05,12.04,,L,17212,7055,25082667955238,,regular,2026-04-23T16:22:26Z
10000,AAL,12.03,34710095,2026-04-23T16:22:08Z,False,120300.00,,12.04,12.03,,L,18509,4897,25082667937400,,regular,2026-04-23T16:22:08Z
21000,AAL,12.0399,34695189,2026-04-23T16:21:54Z,False,252837.9000,,12.04,12.03,,L,18399,4783,25082667922924,,regular,2026-04-23T16:21:54Z
14147,AAL,12.02,34559562,2026-04-23T16:18:33Z,False,170046.94,,12.04,12.03,,L,11716,3471,25082667722324,,regular,2026-04-23T16:18:33Z
9200,AAL,12.02,34419882,2026-04-23T16:16:48Z,False,110584.00,,12.02,12.01,,L,1000,12104,25082667617373,,regular,2026-04-23T16:16:48Z
10000,AAL,12.0098,34304860,2026-04-23T16:14:45Z,False,120098.0000,,12.02,12.01,,L,14799,15374,25082667494283,,regular,2026-04-23T16:14:45Z
9900,AAL,12.0199,34041855,2026-04-23T16:09:55Z,False,118997.0100,,12.02,12.01,,L,5790,8012,25082667203878,,regular,2026-04-23T16:09:55Z
9900,AAL,12.0176,34031189,2026-04-23T16:09:54Z,False,118974.2400,,12.02,12.01,,L,6040,7812,25082667202810,,regular,2026-04-23T16:09:54Z
9900,AAL,12.0201,34009256,2026-04-23T16:09:45Z,False,118998.9900,,12.02,12.01,,L,12182,7787,25082667193711,,regular,2026-04-23T16:09:45Z
9900,AAL,12.0202,33998786,2026-04-23T16:09:43Z,False,118999.9800,,12.03,12.02,,L,11955,1235,25082667192226,,regular,2026-04-23T16:09:43Z
10558,AAL,12.02,33935035,2026-04-23T16:08:47Z,False,126907.16,,12.03,12.02,,L,9708,2244,25082667135774,,regular,2026-04-23T16:08:47Z
9536,AAL,12.0101,33754829,2026-04-23T16:06:11Z,False,114528.3136,,12.02,12.01,,L,7895,10155,25082666979813,,regular,2026-04-23T16:06:11Z
9000,AAL,12.02,33719307,2026-04-23T16:05:51Z,False,108180.00,,12.02,12.01,,L,14187,8653,25082666959730,,regular,2026-04-23T16:05:51Z
8800,AAL,12.025,33682229,2026-04-23T16:05:49Z,False,105820.000,,12.03,12.02,,L,13301,13515,25082666958497,,regular,2026-04-23T16:05:49Z
12962,AAL,12.03,33572536,2026-04-23T16:04:21Z,False,155932.86,,12.04,12.03,,L,10660,7545,25082666869700,,regular,2026-04-23T16:04:21Z
10600,AAL,12.045,32965325,2026-04-23T15:57:25Z,False,127677.000,,12.05,12.04,,L,13899,2535,25082666454545,,regular,2026-04-23T15:57:25Z
8400,AAL,12.045,32935995,2026-04-23T15:57:22Z,False,101178.000,,12.05,12.04,,L,11799,3587,25082666451208,,regular,2026-04-23T15:57:22Z
10462,AAL,12.0401,32922805,2026-04-23T15:57:17Z,False,125963.5262,,12.05,12.04,,L,5868,13516,25082666446558,,regular,2026-04-23T15:57:17Z
11200,AAL,12.055,32813678,2026-04-23T15:56:48Z,False,135016.000,,12.06,12.05,,L,20590,3271,25082666417226,,regular,2026-04-23T15:56:48Z
18600,AAL,12.05,32790232,2026-04-23T15:56:35Z,False,224130.00,,12.06,12.05,,L,27140,1867,25082666403874,,regular,2026-04-23T15:56:35Z
20000,AAL,12.0402,32716016,2026-04-23T15:56:18Z,False,240804.0000,,12.05,12.04,,L,16208,12853,25082666386994,,regular,2026-04-23T15:56:18Z
10000,AAL,12.02,32577666,2026-04-23T15:55:11Z,False,120200.00,,12.03,12.02,,L,16638,1837,25082666320425,,regular,2026-04-23T15:55:11Z
10200,AAL,12.0103,32535800,2026-04-23T15:54:50Z,False,122505.0600,,12.02,12.01,,L,14449,3661,25082666299234,,regular,2026-04-23T15:54:50Z
11920,AAL,12.015,32484728,2026-04-23T15:54:24Z,False,143218.800,,12.02,12.01,,L,10678,6451,25082666273563,,regular,2026-04-23T15:54:24Z
8770,AAL,11.98,32266483,2026-04-23T15:51:29Z,False,105064.60,,11.99,11.98,,L,6588,4056,25082666098091,,regular,2026-04-23T15:51:29Z
14400,AAL,11.955,32011623,2026-04-23T15:49:11Z,False,172152.000,,11.95,11.94,,L,18652,10136,25082665959772,,regular,2026-04-23T15:49:11Z
73936,AAL,11.96,31862416,2026-04-23T15:47:10Z,False,884274.56,,11.97,11.96,,L,16717,5234,25082665839251,,regular,2026-04-23T15:47:10Z
8800,AAL,11.96,31682003,2026-04-23T15:46:33Z,False,105248.00,,11.96,11.95,,L,16146,14409,25082665802125,,regular,2026-04-23T15:46:33Z
10000,AAL,11.9801,31471829,2026-04-23T15:44:44Z,False,119801.0000,,11.99,11.98,,L,7882,6944,25082665693113,,regular,2026-04-23T15:44:44Z
25900,AAL,11.9899,31451827,2026-04-23T15:44:28Z,False,310538.4100,,11.99,11.98,,L,8497,5073,25082665677406,,regular,2026-04-23T15:44:28Z
12906,AAL,11.98,31257510,2026-04-23T15:41:42Z,False,154613.88,,11.98,11.97,,L,4971,11544,25082665511201,,regular,2026-04-23T15:41:42Z
9000,AAL,11.9801,31210309,2026-04-23T15:41:36Z,False,107820.9000,,11.99,11.98,,L,9119,9090,25082665504838,,regular,2026-04-23T15:41:36Z
12800,AAL,11.985,31148420,2026-04-23T15:41:12Z,False,153408.000,,11.99,11.98,,L,6630,13371,25082665481125,,regular,2026-04-23T15:41:12Z
10200,AAL,11.985,31070668,2026-04-23T15:39:20Z,False,122247.000,,11.99,11.98,,L,8334,3363,25082665369439,,regular,2026-04-23T15:39:20Z
20925,AAL,11.9801,31049098,2026-04-23T15:39:18Z,False,250683.5925,,11.99,11.98,,L,6886,8947,25082665366986,,regular,2026-04-23T15:39:18Z
10000,AAL,11.9901,30967976,2026-04-23T15:37:23Z,False,119901.0000,,12,11.99,,L,16318,10768,25082665252429,,regular,2026-04-23T15:37:23Z
11760,AAL,11.995,30955943,2026-04-23T15:37:17Z,False,141061.200,,12,11.99,,L,17668,9681,25082665246034,,regular,2026-04-23T15:37:17Z
10000,AAL,11.9903,30885504,2026-04-23T15:36:16Z,False,119903.0000,,12,11.99,,L,8320,5289,25082665185530,,regular,2026-04-23T15:36:16Z
16616,AAL,11.99,30622385,2026-04-23T15:35:12Z,False,199225.84,,12,11.99,,L,4709,5812,25082665121491,,regular,2026-04-23T15:35:12Z
20272,AAL,12,30452677,2026-04-23T15:34:09Z,False,243264,,12.01,12,,L,8425,4717,25082665058158,,regular,2026-04-23T15:34:09Z
13400,AAL,12.005,30425958,2026-04-23T15:34:09Z,False,160867.000,,12.01,12,,L,8425,4717,25082665058089,,regular,2026-04-23T15:34:09Z
9000,AAL,12.005,30297572,2026-04-23T15:33:32Z,False,108045.000,,12.01,12,,L,13222,7968,25082665021431,,regular,2026-04-23T15:33:32Z
11710,AAL,11.995,30162446,2026-04-23T15:33:06Z,False,140461.450,,12,11.99,,L,13514,9907,25082664994931,,regular,2026-04-23T15:33:06Z
8625,AAL,11.98,29889435,2026-04-23T15:32:58Z,False,103327.50,,11.99,11.98,,L,9707,4220,25082664986827,,regular,2026-04-23T15:32:58Z
21000,AAL,11.9899,29675040,2026-04-23T15:30:44Z,False,251787.9000,,11.99,11.98,,L,3782,12667,25082664852886,,regular,2026-04-23T15:30:44Z
21000,AAL,12,29498165,2026-04-23T15:28:00Z,False,252000,,12.01,12,,L,20137,2654,25082664689060,,regular,2026-04-23T15:28:00Z
10000,AAL,11.995,29337894,2026-04-23T15:27:06Z,False,119950.000,,12,11.99,,L,10119,8379,25082664635594,,regular,2026-04-23T15:27:06Z
9900,AAL,11.9899,29293347,2026-04-23T15:26:36Z,False,118700.0100,,11.99,11.98,,L,3543,10943,25082664605259,,regular,2026-04-23T15:26:36Z
9900,AAL,11.9899,29283392,2026-04-23T15:26:35Z,False,118700.0100,,11.99,11.98,,L,3543,10963,25082664604390,,regular,2026-04-23T15:26:35Z
9900,AAL,11.985,29246197,2026-04-23T15:26:15Z,False,118651.500,,11.99,11.98,,L,6190,2242,25082664584104,,regular,2026-04-23T15:26:15Z
9900,AAL,11.9801,29236235,2026-04-23T15:26:13Z,False,118602.9900,,11.99,11.98,,L,5936,2242,25082664582408,,regular,2026-04-23T15:26:13Z
12636,AAL,11.9802,29189481,2026-04-23T15:25:35Z,False,151381.8072,average_price_trade,11.98,11.97,,L,2761,9859,25082664544202,derivative_priced,regular,2026-04-23T15:25:35Z
9900,AAL,11.975,29113432,2026-04-23T15:24:47Z,False,118552.500,,11.98,11.97,,L,6844,8993,25082664496612,,regular,2026-04-23T15:24:47Z
9880,AAL,11.9799,29103231,2026-04-23T15:24:46Z,False,118361.4120,,11.98,11.97,,L,6764,8293,25082664495542,,regular,2026-04-23T15:24:46Z
10000,AAL,11.9701,29091139,2026-04-23T15:24:40Z,False,119701.0000,,11.98,11.97,,L,6744,8443,25082664489147,,regular,2026-04-23T15:24:40Z
9100,AAL,11.975,29076883,2026-04-23T15:24:33Z,False,108972.500,,11.98,11.97,,L,6764,8593,25082664482603,,regular,2026-04-23T15:24:33Z
21000,AAL,11.9799,29062621,2026-04-23T15:24:27Z,False,251577.9000,,11.98,11.97,,L,1845,8465,25082664476517,,regular,2026-04-23T15:24:27Z
9900,AAL,11.9701,29036622,2026-04-23T15:24:20Z,False,118503.9900,,11.98,11.97,,L,4809,8491,25082664468689,,regular,2026-04-23T15:24:20Z
9900,AAL,11.9801,29014337,2026-04-23T15:24:18Z,False,118602.9900,,11.99,11.98,,L,6527,423,25082664467099,,regular,2026-04-23T15:24:18Z
13200,AAL,12.0003,28899567,2026-04-23T15:23:26Z,False,158403.9600,average_price_trade,12,11.99,,L,3959,10916,25082664415400,derivative_priced,regular,2026-04-23T15:23:26Z
11169,AAL,11.995,28850330,2026-04-23T15:23:10Z,False,133972.155,,12,11.99,,L,7287,5111,25082664399027,,regular,2026-04-23T15:23:10Z
11050,AAL,11.995,28839123,2026-04-23T15:23:10Z,False,132544.750,,12,11.99,,L,7287,5111,25082664399015,,regular,2026-04-23T15:23:10Z
9378,AAL,11.995,28827573,2026-04-23T15:23:10Z,False,112489.110,,12,11.99,,L,7287,5111,25082664398997,,regular,2026-04-23T15:23:10Z
9000,AAL,11.9981,28812364,2026-04-23T15:23:00Z,False,107982.9000,,12,11.99,,L,5755,10141,25082664389515,,regular,2026-04-23T15:23:00Z
9000,AAL,12.0001,28750817,2026-04-23T15:21:34Z,False,108000.9000,,12.01,12,,L,28122,1903,25082664303624,,regular,2026-04-23T15:21:34Z
8600,AAL,12.005,28710557,2026-04-23T15:20:56Z,False,103243.000,,12.01,12,,L,27423,559,25082664265471,,regular,2026-04-23T15:20:56Z
10000,AAL,12.0099,28630134,2026-04-23T15:19:42Z,False,120099.0000,,12.01,12,,L,20196,9370,25082664190873,,regular,2026-04-23T15:19:42Z
10800,AAL,12.005,28588142,2026-04-23T15:19:34Z,False,129654.000,,12.01,12,,L,21343,895,25082664183084,,regular,2026-04-23T15:19:34Z
9975,AAL,12.01,28572274,2026-04-23T15:19:22Z,False,119799.75,,12.01,12,,L,17323,3810,25082664170902,,regular,2026-04-23T15:19:22Z
17232,AAL,11.99,28452207,2026-04-23T15:18:25Z,False,206611.68,,12,11.99,,L,11991,4005,25082664113943,,regular,2026-04-23T15:18:25Z
9000,AAL,11.98,28391020,2026-04-23T15:18:02Z,False,107820.00,,11.98,11.97,,L,4445,9254,25082664091482,,regular,2026-04-23T15:18:02Z
10000,AAL,11.9798,28358877,2026-04-23T15:17:41Z,False,119798.0000,,11.98,11.97,,L,4385,9234,25082664069923,,regular,2026-04-23T15:17:41Z
10000,AAL,11.96,28298840,2026-04-23T15:17:05Z,False,119600.00,,11.97,11.96,,L,7786,8220,25082664034230,,regular,2026-04-23T15:17:05Z
8400,AAL,11.965,28286481,2026-04-23T15:17:03Z,False,100506.000,,11.97,11.96,,L,7836,8200,25082664032279,,regular,2026-04-23T15:17:03Z
9000,AAL,11.96,28236616,2026-04-23T15:16:50Z,False,107640.00,,11.97,11.96,,L,11996,10513,25082664019200,,regular,2026-04-23T15:16:50Z
20000,AAL,11.97,28080028,2026-04-23T15:15:10Z,False,239400.00,,11.98,11.97,,L,9271,4055,25082663919512,,regular,2026-04-23T15:15:10Z
8559,AAL,11.975,28050004,2026-04-23T15:15:07Z,False,102494.025,,11.98,11.97,,L,9346,3905,25082663916321,,regular,2026-04-23T15:15:07Z
11196,AAL,11.975,28040973,2026-04-23T15:15:07Z,False,134072.100,,11.98,11.97,,L,7746,3905,25082663916177,,regular,2026-04-23T15:15:07Z
11523,AAL,11.975,28029177,2026-04-23T15:15:07Z,False,137987.925,,11.98,11.97,,L,7746,3905,25082663916142,,regular,2026-04-23T15:15:07Z
9185,AAL,11.975,28017542,2026-04-23T15:15:07Z,False,109990.375,,11.98,11.97,,L,7746,3905,25082663916111,,regular,2026-04-23T15:15:07Z
8641,AAL,11.975,28004972,2026-04-23T15:15:07Z,False,103475.975,,11.98,11.97,,L,7746,3905,25082663915795,,regular,2026-04-23T15:15:07Z
10053,AAL,11.975,27996331,2026-04-23T15:15:07Z,False,120384.675,,11.98,11.97,,L,7746,3905,25082663915763,,regular,2026-04-23T15:15:07Z
10596,AAL,11.975,27981789,2026-04-23T15:15:07Z,False,126887.100,,11.98,11.97,,L,7746,3905,25082663915732,,regular,2026-04-23T15:15:07Z
9441,AAL,11.975,27970893,2026-04-23T15:15:07Z,False,113055.975,,11.98,11.97,,L,7746,3905,25082663915699,,regular,2026-04-23T15:15:07Z
9006,AAL,11.975,27952458,2026-04-23T15:15:06Z,False,107846.850,,11.98,11.97,,L,7746,3905,25082663915623,,regular,2026-04-23T15:15:06Z
10800,AAL,11.9799,27925188,2026-04-23T15:14:52Z,False,129382.9200,,11.98,11.97,,L,11266,3775,25082663901250,,regular,2026-04-23T15:14:52Z
8900,AAL,11.965,27878578,2026-04-23T15:14:13Z,False,106488.500,,11.97,11.96,,L,12053,3586,25082663862035,,regular,2026-04-23T15:14:13Z
18457,AAL,11.957,27585776,2026-04-23T15:10:16Z,False,220690.349,average_price_trade,11.97,11.96,,L,6997,9488,25082663625247,derivative_priced,regular,2026-04-23T15:10:16Z
67680,AAL,11.955,27524596,2026-04-23T15:09:46Z,False,809114.400,,11.96,11.95,,L,1903,7595,25082663595046,,regular,2026-04-23T15:09:46Z
10000,AAL,11.9401,27281153,2026-04-23T15:06:40Z,False,119401.0000,,11.95,11.94,,L,4451,8832,25082663409241,,regular,2026-04-23T15:06:40Z
9000,AAL,11.95,27267966,2026-04-23T15:06:35Z,False,107550.00,,11.96,11.94,,L,13999,12832,25082663404231,,regular,2026-04-23T15:06:35Z
8724,AAL,11.955,27181428,2026-04-23T15:06:10Z,False,104295.420,,11.96,11.95,,L,10111,5169,25082663379236,,regular,2026-04-23T15:06:10Z
10570,AAL,11.955,27172704,2026-04-23T15:06:10Z,False,126364.350,,11.96,11.95,,L,10111,5169,25082663379232,,regular,2026-04-23T15:06:10Z
8844,AAL,12.01,26946037,2026-04-23T15:02:56Z,False,106216.44,,12.02,12.01,,L,10135,8229,25082663185048,,regular,2026-04-23T15:02:56Z
8562,AAL,12.015,26912979,2026-04-23T15:02:24Z,False,102872.430,,12.02,12.01,,L,12641,5369,25082663152994,,regular,2026-04-23T15:02:24Z
9000,AAL,12.04,26801251,2026-04-23T15:01:27Z,False,108360.00,,12.05,12.04,,L,12737,11214,25082663095697,,regular,2026-04-23T15:01:27Z
10000,AAL,12.06,26618398,2026-04-23T15:00:09Z,False,120600.00,,12.06,12.05,,L,19460,3742,25082663018113,,regular,2026-04-23T15:00:09Z
10491,AAL,12.055,26593639,2026-04-23T15:00:01Z,False,126469.005,,12.06,12.05,,L,19661,4712,25082663010172,,regular,2026-04-23T15:00:01Z
11520,AAL,12.06,26376189,2026-04-23T14:58:57Z,False,138931.20,,12.07,12.06,,L,49305,5679,25082662946171,,regular,2026-04-23T14:58:57Z
9000,AAL,12.0199,26143930,2026-04-23T14:58:38Z,False,108179.1000,,12.02,12.01,,L,4819,10167,25082662926890,,regular,2026-04-23T14:58:38Z
9000,AAL,12.03,26110690,2026-04-23T14:58:12Z,False,108270.00,,12.03,12.02,,L,9619,5483,25082662900919,,regular,2026-04-23T14:58:12Z
9000,AAL,12.0299,25946014,2026-04-23T14:57:16Z,False,108269.1000,,12.03,12.02,,L,3452,6006,25082662844867,,regular,2026-04-23T14:57:16Z
10803,AAL,12.02,25906370,2026-04-23T14:56:41Z,False,129852.06,,12.03,12.02,,L,11470,14368,25082662810549,,regular,2026-04-23T14:56:41Z
10000,AAL,12.0101,25839408,2026-04-23T14:56:08Z,False,120101.0000,,12.02,12.01,,L,13114,1666,25082662777342,,regular,2026-04-23T14:56:08Z
10000,AAL,12.01,25829408,2026-04-23T14:56:08Z,False,120100.00,,12.02,12.01,,L,13114,1666,25082662777340,,regular,2026-04-23T14:56:08Z
10000,AAL,12.01,25445111,2026-04-23T14:51:15Z,False,120100.00,,12.01,12,,L,5006,15818,25082662483703,,regular,2026-04-23T14:51:15Z
10000,AAL,12.0001,25343437,2026-04-23T14:50:29Z,False,120001.0000,,12.01,12,,L,3672,17697,25082662437873,,regular,2026-04-23T14:50:29Z
16754,AAL,11.965,24950436,2026-04-23T14:47:39Z,False,200461.610,,11.97,11.96,,L,12618,9394,25082662268237,,regular,2026-04-23T14:47:39Z
10000,AAL,11.9699,24901157,2026-04-23T14:46:58Z,False,119699.0000,,11.97,11.96,,L,4204,7558,25082662227561,,regular,2026-04-23T14:46:58Z
13000,AAL,11.97,24774267,2026-04-23T14:45:56Z,False,155610.00,,11.98,11.97,,L,4716,5565,25082662164937,,regular,2026-04-23T14:45:56Z
19074,AAL,11.975,24759431,2026-04-23T14:45:45Z,False,228411.150,,11.98,11.97,,L,4000,4745,25082662153641,,regular,2026-04-23T14:45:45Z
8631,AAL,11.96,24703853,2026-04-23T14:44:56Z,False,103226.76,,11.97,11.96,,L,4026,6633,25082662105347,,regular,2026-04-23T14:44:56Z
9000,AAL,11.9701,24574850,2026-04-23T14:41:44Z,False,107730.9000,,11.98,11.97,,L,7059,3955,25082661913399,,regular,2026-04-23T14:41:44Z
9000,AAL,11.97,24565850,2026-04-23T14:41:44Z,False,107730.00,,11.98,11.97,,L,7059,3955,25082661913398,,regular,2026-04-23T14:41:44Z
9000,AAL,11.9791,24054713,2026-04-23T14:39:06Z,False,107811.9000,,11.98,11.97,,L,3587,14402,25082661755508,,regular,2026-04-23T14:39:06Z
10000,AAL,12.0299,23763975,2026-04-23T14:36:50Z,False,120299.0000,,12.03,12.02,,L,8503,5864,25082661618945,,regular,2026-04-23T14:36:50Z
14136,AAL,12.02,23749608,2026-04-23T14:36:45Z,False,169914.72,,12.03,12.02,,L,7691,6544,25082661613652,,regular,2026-04-23T14:36:45Z
9000,AAL,12.025,23603711,2026-04-23T14:35:38Z,False,108225.000,,12.03,12.02,,L,6944,4057,25082661547222,,regular,2026-04-23T14:35:38Z
9000,AAL,11.9901,23333362,2026-04-23T14:34:17Z,False,107910.9000,,12,11.99,,L,17148,2979,25082661465790,,regular,2026-04-23T14:34:17Z
54000,AAL,12,23145442,2026-04-23T14:31:46Z,False,648000,,12,11.99,,L,2575,11001,25082661315003,,regular,2026-04-23T14:31:46Z
9000,AAL,12,23090476,2026-04-23T14:31:46Z,False,108000,,12,11.99,,L,2575,11001,25082661315002,,regular,2026-04-23T14:31:46Z
13250,AAL,12,22252427,2026-04-23T14:27:23Z,False,159000,,12.01,12,,L,15357,4337,25082661052526,,regular,2026-04-23T14:27:23Z
9900,AAL,11.985,21815028,2026-04-23T14:23:42Z,False,118651.500,,11.99,11.98,,L,3661,8334,25082660831636,,regular,2026-04-23T14:23:42Z
15400,AAL,11.9766,21783301,2026-04-23T14:23:19Z,False,184439.6400,average_price_trade,12,11.99,,L,8051,4958,25082660808497,derivative_priced,regular,2026-04-23T14:23:19Z
18000,AAL,11.97,21579459,2026-04-23T14:23:02Z,False,215460.00,,11.98,11.97,,L,5732,16731,25082660791493,,regular,2026-04-23T14:23:02Z
130463,AAL,11.97,21709922,2026-04-23T14:23:02Z,False,1561642.11,,11.98,11.97,,L,5732,16731,25082660791493,,regular,2026-04-23T14:23:02Z
9700,AAL,11.98,21297844,2026-04-23T14:19:58Z,False,116206.00,,11.99,11.98,,L,4605,6933,25082660607570,,regular,2026-04-23T14:19:58Z
10000,AAL,11.99,21231794,2026-04-23T14:19:29Z,False,119900.00,,12,11.99,,L,161388,2570,25082660577730,,regular,2026-04-23T14:19:29Z
29086,AAL,11.99,21148029,2026-04-23T14:18:42Z,False,348741.14,,12,11.99,,L,2709,4442,25082660531286,,regular,2026-04-23T14:18:42Z
14935,AAL,11.9436,21084401,2026-04-23T14:18:19Z,False,178377.6660,average_price_trade,12.01,12,,L,21356,3285,25082660507991,derivative_priced,regular,2026-04-23T14:18:19Z
9300,AAL,12,20986549,2026-04-23T14:17:38Z,False,111600,,12,11.99,,L,20892,4332,25082660466987,,regular,2026-04-23T14:17:38Z
12346,AAL,11.98,20903282,2026-04-23T14:17:13Z,False,147905.08,,11.99,11.98,,L,10142,4084,25082660441796,,regular,2026-04-23T14:17:13Z
9667,AAL,11.97,20874872,2026-04-23T14:17:03Z,False,115713.99,,11.98,11.97,,L,5720,3199,25082660432498,,regular,2026-04-23T14:17:03Z
9323,AAL,11.93,20671284,2026-04-23T14:16:03Z,False,111223.39,,11.94,11.93,,L,3745,7903,25082660372059,,regular,2026-04-23T14:16:03Z
11500,AAL,11.9301,20653598,2026-04-23T14:15:47Z,False,137196.1500,,11.94,11.93,,L,6352,3732,25082660356005,,regular,2026-04-23T14:15:47Z
12321,AAL,11.92,20625876,2026-04-23T14:15:43Z,False,146866.32,,11.93,11.92,,L,2569,6032,25082660352559,,regular,2026-04-23T14:15:43Z
20000,AAL,11.8903,20492891,2026-04-23T14:14:56Z,False,237806.0000,,11.9,11.89,,L,6444,8759,25082660305230,,regular,2026-04-23T14:14:56Z
40800,AAL,11.9002,20423880,2026-04-23T14:14:16Z,False,485528.1600,,11.91,11.9,,L,7294,3525,25082660264785,,regular,2026-04-23T14:14:16Z
32300,AAL,11.91,20363614,2026-04-23T14:14:00Z,False,384693.00,,11.91,11.9,,L,5958,7806,25082660249131,,regular,2026-04-23T14:14:00Z
16800,AAL,11.91,20115524,2026-04-23T14:10:52Z,False,200088.00,,11.92,11.91,,L,8117,11279,25082660061170,,regular,2026-04-23T14:10:52Z
23937,AAL,11.8901,20052964,2026-04-23T14:10:32Z,False,284613.3237,,11.9,11.89,,L,7693,1969,25082660040791,,regular,2026-04-23T14:10:32Z
8540,AAL,11.895,19957617,2026-04-23T14:09:47Z,False,101583.300,,11.9,11.89,,L,917,9010,25082659995731,,regular,2026-04-23T14:09:47Z
10000,AAL,11.8901,19915873,2026-04-23T14:09:41Z,False,118901.0000,,11.9,11.89,,L,8236,4565,25082659989800,,regular,2026-04-23T14:09:41Z
27576,AAL,11.9,19905841,2026-04-23T14:09:40Z,False,328154.4,,11.9,11.89,,L,3736,7031,25082659988897,,regular,2026-04-23T14:09:40Z
8500,AAL,11.875,19831946,2026-04-23T14:09:07Z,False,100937.500,,11.88,11.87,,L,2690,5534,25082659955753,,regular,2026-04-23T14:09:07Z
8500,AAL,11.875,19823395,2026-04-23T14:09:07Z,False,100937.500,,11.88,11.87,,L,2690,5534,25082659955752,,regular,2026-04-23T14:09:07Z
10000,AAL,11.89,19780925,2026-04-23T14:08:53Z,False,118900.00,,11.9,11.89,,L,6511,3560,25082659942031,,regular,2026-04-23T14:08:53Z
11255,AAL,11.885,19756678,2026-04-23T14:08:27Z,False,133765.675,,11.89,11.88,,L,2784,4845,25082659915754,,regular,2026-04-23T14:08:27Z
